1112.5483 102.73332
1112.5483 102.73332
1112.5483 102.73332
1112.5483 102.73332
1112.5483 102.73332
1112.5483 102.73332
1112.5483 102.73332
1112.5483 102.73332
1112.5483 102.73332
1112.5483 102.73332
1112.5483 102.73332
1112.5483 102.73332
1112.5483 102.73332
1112.5483 102.73332
1112.5483 102.73332
1112.5483 102.73332
1112.5483 102.73332
1112.5483 102.73332
1112.5483 102.73332
1112.5483 102.73332
1112.5483 102.73332
1112.5483 102.73332
1112.5483 102.73332
1112.5483 102.73332
1112.5483 102.73332
1112.5483 102.73332
1112.5483 102.73332
1112.5483 102.73332
1112.5483 102.73332
1112.5483 102.73332
1112.5483 102.73332
1112.5483 102.73332
1112.5483 102.73332
1112.5483 102.73332
1112.5483 102.73332
1112.5483 102.73332
497.88113 113.14997
497.71213 113.196976
497.7704 113.51464
497.36545 113.82255
496.31476 115.138
495.17856 117.00265
495.03683 115.7327
492.79874 102.06061
493.3181 84.29091
490.8449 70.8745
488.04434 55.843155
486.8506 46.941845
486.7945 45.094723
486.86035 45.035755
487.04504 46.45363
489.1875 57.306267
489.06345 68.01697
489.50482 79.71752
491.5613 91.964584
492.9019 99.11443
492.50085 98.25402
494.14716 93.072235
495.05322 91.13425
464.74805 93.63567
438.94794 93.52363
424.9239 95.33342
425.02188 95.636284
425.07947 95.625626
425.16232 101.80897
426.9902 121.16202
429.8688 132.05191
429.72574 132.66599
427.58502 125.283844
422.85004 107.44375
423.48 89.729416
424.0547 80.17407
423.6645 78.269394
419.67215 86.38225
410.41852 94.75245
404.81952 97.47324
398.64645 96.23992
383.01892 108.49998
396.55905 119.149826
402.07013 108.403145
393.2419 88.32027
368.68802 77.15548
362.03342 79.517685
360.6994 84.3041
350.46225 105.78522
343.54425 150.16705
346.01474 167.8189
341.9057 185.65411
339.62527 189.6135
340.77576 174.54254
339.15207 149.21176
335.9252 128.88306
331.82974 107.047386
329.9265 97.93136
329.83698 97.49541
330.0801 97.24042
324.25632 112.83541
300.2836 160.84015
295.85257 199.18051
297.5621 208.9724
298.97375 205.5843
296.38525 175.46977
288.43985 150.29799
282.86264 124.870186
279.73657 95.56828
279.29672 88.92056
279.1988 88.61173
271.90567 97.55503
260.05414 113.484276
241.08905 131.37103
249.34279 127.428925
253.5648 100.33688
225.61052 88.15883
221.09099 93.51092
231.76205 121.50524
243.79782 121.1766
244.0092 120.88746
231.49138 114.33982
262.6663 127.53549
362.7122 156.87523
429.21652 154.93178
438.063 146.95015
417.47354 139.18057
401.5161 132.28612
395.47748 125.046745
380.15704 121.779335
